#************************************************************************************
Insyde H2OUVE (UEFI Variable Editor) Version 100.00.16.08
Copyright (c) 2012 - 2015, Insyde Software Corp. All Rights Reserved.

#************************************************************************************
#  Please follow file format to modify variable information.
#
#  File Format:
#
#   [Index] Variable Name
#          GUID: XXXXXXXX-XXXX-XXXX-XXXX-XXXXXXXXXXXX
#          Attributes: 0xXX
#          DataSize: 0xXX
#          Data:
#                00000000: XX XX XX XX XX XX XX XX XX XX XX XX XX XX XX XX 
#                00000010: XX XX XX XX XX XX XX XX XX XX XX XX XX XX XX XX 
#                 .....                         .....
#  
#  1. Index is a number in Hex.
#  2. The number of data must be equal to datasize.(Except datasize = 0)
#  3. "X") represents a hex number.
#
#  Delete Variable:
#    Please modify datasize or Attributes value to zero.
#
#************************************************************************************

 [001] "PchSetup"
      GUID: 4570B7F1-ADE8-4943-8DC3-406472842384
      Attributes: 0x7
      DataSize: 0x661
      Data:
            00000000: 08 00 14 59 00 01 00 01 00 01 00 00 01 01 01 00 
            00000010: 00 01 00 00 00 00 01 00 01 00 00 01 00 01 FF 01 
            00000020: 00 00 00 01 01 01 01 01 01 01 01 01 01 01 01 01 
            00000030: 01 00 00 01 01 01 01 01 01 01 01 01 01 00 01 01 
            00000040: 00 01 00 01 01 01 01 01 01 01 01 00 00 00 00 00 
            00000050: 00 00 00 01 01 01 01 01 01 01 01 00 00 00 00 00 
            00000060: 00 00 00 00 00 00 00 00 00 00 00 00 01 00 00 00 
            00000070: 00 00 00 03 04 00 00 00 04 00 00 01 01 01 01 01 
            00000080: 01 01 01 01 01 00 00 00 01 00 00 01 01 00 00 00 
            00000090: 00 00 00 00 00 00 00 00 00 00 71 02 71 02 00 00 
            000000A0: 71 02 71 02 71 02 71 02 71 02 0F 0F 0F 0F 0F 0F 
            000000B0: 0F 0F 00 00 00 00 00 00 00 00 00 00 00 00 00 01 
            000000C0: 01 01 01 01 01 01 01 01 01 01 01 01 01 01 01 01 
            000000D0: 01 01 01 01 01 01 01 00 04 04 04 04 04 04 04 04 
            000000E0: 04 04 04 04 04 04 04 04 04 04 04 04 04 04 04 00 
            000000F0: 00 00 00 00 00 00 00 00 00 00 00 00 00 00 00 00 
            00000100: 00 00 00 00 00 00 00 00 00 00 00 00 00 00 00 00 
            00000110: 00 00 00 00 00 00 00 00 00 00 00 00 00 00 00 00 
            00000120: 00 00 00 00 00 00 00 00 00 00 00 00 00 00 00 00 
            00000130: 00 00 00 00 00 00 00 00 00 00 00 00 00 00 00 00 
            00000140: 00 00 00 00 00 00 00 00 00 00 00 00 00 00 00 00 
            00000150: 00 00 00 00 00 00 00 00 00 00 00 00 00 00 00 00 
            00000160: 00 00 00 00 00 00 00 00 00 00 00 00 00 00 00 00 
            00000170: 00 00 00 00 00 00 00 00 00 00 00 00 00 00 00 00 
            00000180: 00 00 00 00 00 00 00 00 00 00 00 00 00 00 00 00 
            00000190: 00 00 00 00 00 00 00 00 00 00 00 00 00 00 00 00 
            000001A0: 00 00 00 00 00 00 00 00 00 00 00 00 00 00 00 00 
            000001B0: 00 00 00 00 00 00 00 00 00 00 00 00 00 00 00 00 
            000001C0: 00 00 00 00 00 00 00 01 01 01 01 01 01 01 01 01 
            000001D0: 01 01 01 01 01 01 01 01 01 01 01 01 01 01 01 00 
            000001E0: 00 00 00 00 00 00 00 00 00 00 00 00 00 00 00 00 
            000001F0: 00 00 00 00 00 00 00 01 01 01 01 01 01 01 01 01 
            00000200: 01 01 01 01 01 01 01 01 01 01 01 01 01 01 01 00 
            00000210: 00 00 00 00 00 00 00 00 00 00 00 00 00 00 00 00 
            00000220: 00 00 00 00 00 00 00 00 00 00 00 00 00 00 00 00 
            00000230: 00 00 00 00 00 00 00 00 00 00 00 00 00 00 00 03 
            00000240: 03 03 03 03 03 03 03 03 03 03 03 03 03 03 03 03 
            00000250: 03 03 03 03 03 03 03 01 01 01 01 01 01 01 01 01 
            00000260: 01 01 01 01 01 01 01 01 01 01 01 01 01 01 01 02 
            00000270: 02 02 02 02 02 02 02 02 02 02 02 02 02 02 02 02 
            00000280: 02 02 02 02 02 02 02 05 05 05 05 05 05 05 05 05 
            00000290: 05 05 05 05 05 05 05 05 05 05 05 05 05 05 05 07 
            000002A0: 07 07 07 07 07 07 07 07 07 07 07 07 07 07 07 07 
            000002B0: 07 07 07 07 07 07 07 06 06 06 06 06 06 06 06 06 
            000002C0: 06 06 06 06 06 06 06 06 06 06 06 00 00 00 00 02 
            000002D0: 02 02 02 02 02 02 02 02 02 02 02 02 02 02 02 02 
            000002E0: 02 02 02 00 00 00 00 00 00 01 01 00 00 00 00 04 
            000002F0: 00 00 00 00 00 00 00 00 00 00 00 00 00 00 00 01 
            00000300: 00 06 04 08 02 0A 02 02 02 02 02 01 01 01 01 01 
            00000310: 01 01 01 01 01 01 01 01 01 01 01 01 01 01 01 01 
            00000320: 01 01 01 00 00 00 00 00 00 00 00 00 00 00 00 00 
            00000330: 00 00 00 00 00 00 00 00 00 00 00 02 02 02 02 02 
            00000340: 02 02 02 02 02 02 02 02 02 02 02 02 02 02 02 02 
            00000350: 02 02 02 02 02 02 02 02 02 02 02 02 02 02 02 02 
            00000360: 02 02 02 02 02 02 02 02 02 02 02 02 02 02 02 02 
            00000370: 02 02 02 02 02 02 02 02 02 02 02 02 02 02 02 02 
            00000380: 02 02 02 02 02 02 02 02 02 02 02 02 02 02 02 02 
            00000390: 02 02 02 02 02 02 02 02 02 02 02 3C 00 3C 00 3C 
            000003A0: 00 3C 00 3C 00 3C 00 3C 00 3C 00 3C 00 3C 00 3C 
            000003B0: 00 3C 00 3C 00 3C 00 3C 00 3C 00 3C 00 3C 00 3C 
            000003C0: 00 3C 00 3C 00 3C 00 3C 00 3C 00 3C 00 3C 00 3C 
            000003D0: 00 3C 00 3C 00 3C 00 3C 00 3C 00 3C 00 3C 00 3C 
            000003E0: 00 3C 00 3C 00 3C 00 3C 00 3C 00 3C 00 3C 00 3C 
            000003F0: 00 3C 00 3C 00 3C 00 3C 00 3C 00 00 00 00 00 00 
            00000400: 00 00 00 00 00 00 00 00 00 00 00 00 00 00 00 00 
            00000410: 00 00 00 00 00 00 00 00 00 00 00 00 00 00 00 00 
            00000420: 00 00 00 00 00 00 00 00 00 00 00 00 00 00 00 00 
            00000430: 00 00 00 00 00 00 00 00 00 00 00 00 00 00 00 00 
            00000440: 00 00 00 01 00 00 00 00 00 00 07 07 00 00 00 00 
            00000450: 00 00 00 00 00 00 00 00 00 00 00 00 0A 00 0A 00 
            00000460: 0A 00 0A 00 0A 00 0A 00 11 00 11 00 0A 00 0A 00 
            00000470: 0A 00 0A 00 0A 00 0A 00 0A 00 0A 00 0A 00 0A 00 
            00000480: 0A 00 0A 00 0A 00 0A 00 0A 00 0A 00 04 04 04 04 
            00000490: 04 04 10 08 04 04 04 04 04 04 04 04 04 04 04 04 
            000004A0: 04 04 04 04 01 00 00 00 00 00 00 02 04 00 00 00 
            000004B0: 02 00 00 00 00 00 00 00 00 00 00 00 00 00 00 00 
            000004C0: 00 00 00 00 00 00 00 00 00 00 00 00 00 00 00 00 
            000004D0: 00 00 00 00 00 00 00 00 00 00 00 00 00 00 00 00 
            000004E0: 00 00 00 00 00 00 00 00 00 00 00 00 00 00 00 00 
            000004F0: 00 00 00 00 00 00 00 00 00 00 00 00 00 00 00 00 
            00000500: 00 00 00 00 00 00 00 00 00 00 00 00 00 00 00 00 
            00000510: 00 00 00 00 00 00 00 00 00 00 00 00 00 00 00 00 
            00000520: 00 00 00 00 00 00 00 00 00 00 00 00 00 00 00 00 
            00000530: 00 00 00 00 00 00 00 00 00 00 00 00 00 00 00 00 
            00000540: 00 00 00 00 00 00 00 00 00 00 00 00 00 00 00 00 
            00000550: 00 00 00 00 00 00 00 00 00 00 00 00 00 00 00 00 
            00000560: 00 00 00 00 00 00 00 00 00 00 00 00 00 00 00 00 
            00000570: 00 00 00 00 00 00 00 00 00 00 00 00 00 00 00 00 
            00000580: 00 00 00 00 00 00 00 00 00 00 00 00 00 00 00 00 
            00000590: 00 00 00 00 00 00 00 00 00 00 00 00 00 00 00 00 
            000005A0: 00 00 00 00 00 00 00 00 00 00 00 00 00 00 00 00 
            000005B0: 00 00 00 00 00 00 00 00 00 00 01 01 00 00 01 01 
            000005C0: 00 00 01 00 00 00 00 00 00 00 00 00 00 00 00 00 
            000005D0: 00 00 00 00 01 01 00 00 00 00 00 00 00 00 00 01 
            000005E0: 0E 00 00 00 00 00 00 01 01 00 00 01 00 01 01 01 
            000005F0: 00 01 01 01 00 00 00 00 00 00 00 00 00 01 00 00 
            00000600: 00 00 00 01 01 02 03 00 00 00 01 02 03 00 00 00 
            00000610: 01 00 01 01 00 00 00 00 00 00 00 00 00 00 00 00 
            00000620: 00 00 00 00 00 00 00 00 00 00 00 00 00 00 00 00 
            00000630: 00 00 00 00 00 00 00 00 00 00 00 00 00 00 00 00 
            00000640: 00 00 00 00 00 00 00 00 00 00 00 00 00 00 00 00 
            00000650: 00 00 00 00 00 00 00 00 00 00 00 00 00 00 00 00 
            00000660: 01 

