#************************************************************************************
Insyde H2OUVE (UEFI Variable Editor) Version 100.00.16.08
Copyright (c) 2012 - 2015, Insyde Software Corp. All Rights Reserved.

#************************************************************************************
#  Please follow file format to modify variable information.
#
#  File Format:
#
#   [Index] Variable Name
#          GUID: XXXXXXXX-XXXX-XXXX-XXXX-XXXXXXXXXXXX
#          Attributes: 0xXX
#          DataSize: 0xXX
#          Data:
#                00000000: XX XX XX XX XX XX XX XX XX XX XX XX XX XX XX XX 
#                00000010: XX XX XX XX XX XX XX XX XX XX XX XX XX XX XX XX 
#                 .....                         .....
#  
#  1. Index is a number in Hex.
#  2. The number of data must be equal to datasize.(Except datasize = 0)
#  3. "X") represents a hex number.
#
#  Delete Variable:
#    Please modify datasize or Attributes value to zero.
#
#************************************************************************************

 [001] "CpuSetup"
      GUID: B08F97FF-E6E8-4193-A997-5E9E9B0ADB32
      Attributes: 0x7
      DataSize: 0x1EF
      Data:
            00000000: 08 14 14 00 01 01 00 00 00 01 01 01 01 01 01 01 
            00000010: 00 00 00 00 00 00 01 00 00 00 00 00 00 00 00 00 
            00000020: 00 00 01 00 00 00 00 00 00 00 00 00 00 00 00 00 
            00000030: 00 00 00 00 00 01 01 03 03 02 02 01 00 00 00 00 
            00000040: 00 00 04 01 07 02 02 02 02 02 02 4E 00 76 00 94 
            00000050: 00 FA 00 4C 01 F2 03 00 00 00 00 00 00 00 00 00 
            00000060: 00 00 00 00 00 00 00 00 00 00 00 00 00 00 00 00 
            00000070: 00 00 00 00 00 00 01 01 00 00 00 02 00 00 00 00 
            00000080: 00 00 00 00 00 00 00 00 00 00 00 00 00 00 00 00 
            00000090: 00 00 00 00 00 00 00 00 00 00 00 00 00 00 00 00 
            000000A0: 00 00 00 00 00 00 00 00 00 00 00 00 00 00 00 00 
            000000B0: 00 00 00 00 00 00 00 00 00 00 00 00 00 00 00 00 
            000000C0: 00 00 00 00 00 00 00 00 00 00 00 00 00 01 01 01 
            000000D0: 01 00 00 01 01 00 00 00 00 00 00 00 01 01 00 01 
            000000E0: 00 00 00 00 00 00 00 00 00 00 00 01 00 00 01 00 
            000000F0: 00 00 02 00 00 00 00 00 00 27 8F A4 5F 8D FD 3D 
            00000100: 55 C1 FD 4B BE B9 67 67 D7 02 02 00 FF 00 00 00 
            00000110: 00 00 00 00 01 01 01 01 00 00 00 00 00 00 00 00 
            00000120: 00 00 00 00 00 00 00 00 50 00 00 00 00 00 00 00 
            00000130: 14 00 00 00 00 00 00 00 04 00 00 00 00 00 00 00 
            00000140: 01 01 01 01 01 01 01 01 00 00 00 00 00 00 00 00 
            00000150: 00 00 00 00 00 00 00 00 00 00 00 00 00 00 00 00 
            00000160: 00 00 00 00 00 00 00 00 00 00 00 00 00 00 00 00 
            00000170: 00 00 00 00 01 01 01 01 00 00 00 00 00 00 00 00 
            00000180: 00 00 00 00 00 00 00 00 00 00 00 00 00 00 00 00 
            00000190: 00 00 00 00 00 00 00 00 00 00 00 00 00 00 00 00 
            000001A0: 00 00 00 00 01 00 00 00 00 00 00 00 00 00 00 00 
            000001B0: 00 00 00 00 00 00 00 00 00 00 00 00 00 00 00 00 
            000001C0: 00 00 00 00 00 00 02 00 00 00 00 00 01 00 00 00 
            000001D0: 03 01 00 01 00 00 00 00 00 00 00 00 00 00 00 00 
            000001E0: 01 00 00 00 00 00 00 00 00 00 00 00 00 00 00 

